[
(0.144000, 0.346000),
(0.212000, 0.250000),
(0.420000, 0.404000),
(0.350000, 0.494000),
],
[
(0.102000, 0.166000),
(0.170000, 0.074000),
(0.378000, 0.222000),
(0.310000, 0.318000),
],
[
(0.058000, -0.014000),
(0.132000, -0.112000),
(0.336000, 0.040000),
(0.266000, 0.140000),
],
[
(0.014000, -0.206000),
(0.082000, -0.298000),
(0.292000, -0.148000),
(0.220000, -0.050000),
],
[
(-0.030000, -0.384000),
(0.042000, -0.480000),
(0.248000, -0.326000),
(0.176000, -0.232000),
],
[
(-0.052000, 0.192000),
(-0.160000, 0.136000),
(-0.272000, 0.366000),
(-0.166000, 0.420000),
],
[
(-0.096000, 0.004000),
(-0.202000, -0.048000),
(-0.318000, 0.180000),
(-0.208000, 0.234000),
],
[
(-0.138000, -0.180000),
(-0.248000, -0.234000),
(-0.358000, -0.006000),
(-0.252000, 0.050000),
],
[
(-0.180000, -0.364000),
(-0.290000, -0.416000),
(-0.404000, -0.192000),
(-0.296000, -0.136000),
],
