parking slots: [[
(0.116000, 0.166000),
(0.112000, -0.074000),
(0.228000, -0.076000),
(0.228000, 0.164000),
],
[
(0.116000, 0.436000),
(0.112000, 0.196000),
(0.228000, 0.192000),
(0.230000, 0.434000),
],
[
(-0.144000, 0.108000),
(-0.144000, -0.004000),
(-0.386000, -0.006000),
(-0.384000, 0.110000),
],
[
(-0.144000, -0.006000),
(-0.146000, -0.120000),
(-0.388000, -0.116000),
(-0.386000, -0.006000),
],
[
(-0.146000, -0.236000),
(-0.146000, -0.352000),
(-0.388000, -0.348000),
(-0.390000, -0.234000),
],
]