parking slots: [[
(0.140000, 0.324000),
(0.122000, 0.086000),
(0.238000, 0.076000),
(0.254000, 0.316000),
],
[
(-0.120000, 0.312000),
(-0.126000, 0.196000),
(-0.366000, 0.208000),
(-0.362000, 0.328000),
],
[
(-0.128000, 0.194000),
(-0.134000, 0.084000),
(-0.374000, 0.100000),
(-0.366000, 0.212000),
],
[
(-0.142000, -0.034000),
(-0.146000, -0.150000),
(-0.390000, -0.130000),
(-0.380000, -0.018000),
],
[
(-0.148000, -0.148000),
(-0.152000, -0.266000),
(-0.392000, -0.246000),
(-0.388000, -0.134000),
],
]