parking slots:
[
(-0.098000, -0.088000),
(-0.128000, -0.252000),
(-0.374000, -0.196000),
(-0.340000, -0.036000),
],
---------------------------
parking slots for disabled
[
(-0.130000, -0.252000),
(-0.164000, -0.412000),
(-0.408000, -0.360000),
(-0.374000, -0.198000),
],
[
(0.206000, -0.172000),
(0.232000, -0.058000),
(0.474000, -0.114000),
(0.448000, -0.220000),
],

--------------------------------
obstacles
[
(-0.056000, -0.142000),
(0.026000, -0.170000),
(-0.028000, -0.350000),
(-0.106000, -0.324000),
],
