regular parking slots: [[
(0.100000, 0.166000),
(0.078000, 0.280000),
(0.318000, 0.328000),
(0.344000, 0.218000),
],
[
(0.054000, 0.392000),
(0.080000, 0.278000),
(0.320000, 0.324000),
(0.300000, 0.438000),
],
[
(-0.180000, -0.010000),
(-0.202000, 0.104000),
(-0.448000, 0.056000),
(-0.424000, -0.060000),
],
[
(-0.228000, 0.216000),
(-0.204000, 0.104000),
(-0.446000, 0.054000),
(-0.468000, 0.164000),
],]


--------------------------------
obstacles: [[
(0.020000, 0.320000),
(-0.072000, 0.320000),
(-0.084000, 0.492000),
(0.012000, 0.492000),
],]
