[
(0.042000, -0.100000),
(0.078000, 0.134000),
(-0.062000, 0.062000),
(-0.064000, -0.064000),
],
[
(0.270000, -0.124000),
(-0.076000, -0.062000),
(-0.148000, -0.228000),
(-0.026000, -0.250000),
],
[
(0.160000, 0.134000),
(0.128000, 0.024000),
(0.366000, -0.042000),
(0.398000, 0.070000),
],
[
(0.070000, -0.200000),
(0.038000, -0.300000),
(0.280000, -0.372000),
(0.308000, -0.266000),
],
[
(-0.144000, 0.204000),
(-0.178000, 0.090000),
(-0.416000, 0.156000),
(-0.384000, 0.266000),
],
[
(-0.116000, 0.316000),
(-0.146000, 0.200000),
(-0.384000, 0.266000),
(-0.354000, 0.378000),
],
[
(-0.086000, 0.430000),
(-0.116000, 0.316000),
(-0.354000, 0.382000),
(-0.322000, 0.488000),
],

--------------------------------
[
(0.118000, 0.494000),
(0.080000, 0.416000),
(0.166000, 0.374000),
(0.214000, 0.492000),
],
[
(-0.098000, -0.012000),
(-0.180000, 0.022000),
(-0.262000, -0.176000),
(-0.178000, -0.220000),
],
