[
(0.018000, -0.214000),
(0.084000, -0.118000),
(0.284000, -0.264000),
(0.220000, -0.356000),
],
[
(0.084000, -0.118000),
(0.150000, -0.030000),
(0.350000, -0.172000),
(0.284000, -0.264000),
],
[
(0.150000, -0.026000),
(0.220000, 0.068000),
(0.418000, -0.076000),
(0.354000, -0.170000),
],
[
(0.288000, 0.160000),
(0.350000, 0.258000),
(0.480000, 0.162000),
(0.462000, 0.120000),
],
[
(-0.104000, 0.152000),
(-0.168000, 0.060000),
(-0.372000, 0.204000),
(-0.306000, 0.292000),
],
[
(-0.174000, 0.062000),
(-0.238000, -0.030000),
(-0.440000, 0.108000),
(-0.374000, 0.200000),
],
