parking slots: [[
(0.110000, 0.104000),
(0.140000, -0.008000),
(0.376000, 0.068000),
(0.344000, 0.176000),
],
[
(0.188000, 0.002000),
(0.216000, -0.104000),
(0.450000, -0.034000),
(0.418000, 0.076000),
],
[
(-0.012000, -0.252000),
(-0.106000, -0.192000),
(-0.242000, -0.390000),
(-0.144000, -0.454000),
],
[
(-0.184000, -0.090000),
(-0.088000, -0.152000),
(-0.220000, -0.352000),
(-0.316000, -0.294000),
],
[
(-0.332000, 0.108000),
(-0.240000, 0.048000),
(-0.372000, -0.158000),
(-0.466000, -0.092000),
],
]